3027192.784531587
2679576.3961417107
2501090.8598161507
2430328.4923735233
2409547.9432488973
2401218.098054498
2396120.3836450237
2392666.024844574
2389971.1799486866
2387736.4692901717
2385962.6902714367
2384503.342905639
2383272.80967838
2382190.657066973
2380822.082369257
2378496.1817349843
2375112.1210523406
2372671.5990823545
2371302.6796655226
2370317.8929910483
2369474.6716518677
2368638.146340713
2367835.835414148
2367171.2413659217
2366471.3715925766
2365704.1651541214
2365029.9893885297
2364554.743500111